,ccode,country,year,AIDS,Congenital,Diarrhoea,Injury,Intrapartum,Malaria,Measles,Meningitis,Pneumonia,Preterm,Sepsis,Tetanus,Other,Total
0,AFG,Afghanistan,2017,0.0,6.4,7.8,5.8,15.9,0.1,1.8,3.4,14.9,19.2,8.4,1.6,14.7,100
1,ALB,Albania,2017,0.7,27.2,0.6,7.0,8.8,0.0,0.0,2.2,8.9,28.9,2.6,0.8,12.3,100
2,DZA,Algeria,2017,0.1,16.0,4.8,6.3,14.4,0.0,0.3,1.0,13.0,21.1,9.2,0.2,13.7,100
3,AND,Andorra,2017,0.0,16.7,0.0,0.0,0.0,0.0,0.0,0.0,0.0,66.7,0.0,0.0,16.7,100
4,AGO,Angola,2017,2.8,7.0,9.3,6.4,13.6,7.0,0.7,2.0,17.3,12.0,5.7,0.5,15.9,100
5,ATG,Antigua and Barbuda,2017,0.0,26.7,0.0,1.0,7.0,0.0,0.0,0.0,6.6,17.0,1.9,0.0,39.8,100
6,ARG,Argentina,2017,0.1,29.3,1.1,6.5,4.6,0.0,0.0,1.1,6.5,28.1,5.4,0.0,17.3,100
7,ARM,Armenia,2017,0.0,26.6,1.3,9.0,6.7,0.0,0.0,1.6,10.7,24.4,3.6,0.0,16.2,100
8,AUS,Australia,2017,0.0,27.1,0.6,6.8,11.1,0.0,0.0,0.7,3.0,21.5,1.3,0.0,27.9,100
9,AUT,Austria,2017,0.0,36.0,0.0,5.0,9.7,0.0,0.0,1.1,2.6,15.4,3.3,0.0,26.8,100
10,AZE,Azerbaijan,2017,0.1,13.9,6.8,8.3,12.8,0.0,0.0,1.3,12.7,20.3,5.5,0.2,18.2,100
11,BHS,Bahamas,2017,1.5,18.1,3.4,5.1,9.5,0.0,0.0,0.0,14.2,25.1,3.5,0.0,19.6,100
12,BHR,Bahrain,2017,0.3,35.5,0.3,4.4,2.9,0.0,0.0,0.9,1.9,34.9,0.2,0.0,18.9,100
13,BGD,Bangladesh,2017,0.0,9.1,7.4,7.9,13.8,0.0,1.9,1.1,13.5,18.0,11.0,0.2,15.9,100
14,BRB,Barbados,2017,0.0,25.3,0.0,7.3,13.4,0.0,0.0,0.0,2.4,16.0,10.7,0.0,24.8,100
15,BLR,Belarus,2017,3.3,33.9,0.6,8.0,7.1,0.0,0.0,1.2,5.7,19.1,1.9,0.0,19.3,100
16,BEL,Belgium,2017,0.0,29.3,0.3,7.2,10.0,0.0,0.0,1.6,3.4,17.3,2.5,0.0,28.4,100
17,BLZ,Belize,2017,0.7,22.2,3.9,7.9,9.6,0.0,0.0,0.3,5.0,22.1,6.2,0.0,22.0,100
18,BEN,Benin,2017,0.9,5.0,9.5,5.2,10.3,16.4,0.6,2.3,13.8,12.8,6.9,0.3,15.9,100
19,BTN,Bhutan,2017,1.1,11.0,6.0,7.6,13.1,0.0,0.5,1.8,14.6,20.2,9.1,0.2,14.8,100
20,BOL,Bolivia (Plurinational State of),2017,0.1,14.6,5.9,7.5,14.7,0.0,0.0,1.0,13.0,19.0,7.4,0.3,16.5,100
21,BIH,Bosnia and Herzegovina,2017,0.0,32.0,0.7,4.2,8.8,0.0,1.6,1.2,5.9,30.1,3.6,0.0,11.9,100
22,BWA,Botswana,2017,7.7,11.7,3.7,4.1,15.9,0.1,0.0,0.7,9.1,26.4,9.2,0.4,11.1,100
23,BRA,Brazil,2017,0.1,23.4,2.1,5.9,9.5,0.0,0.0,1.0,7.9,18.7,7.9,0.0,23.4,100
24,BRN,Brunei Darussalam,2017,0.0,28.8,3.0,1.5,5.2,0.0,0.0,0.0,4.0,18.9,6.1,0.0,32.6,100
25,BGR,Bulgaria,2017,0.1,24.3,1.8,5.9,9.0,0.0,0.0,1.4,14.2,28.2,2.0,0.0,13.1,100
26,BFA,Burkina Faso,2017,0.4,4.6,8.0,6.2,10.2,20.0,0.9,2.4,13.3,10.8,6.7,0.2,16.2,100
27,BDI,Burundi,2017,0.9,5.8,8.0,7.6,12.5,9.7,0.1,2.3,14.9,12.4,5.8,0.3,19.7,100
28,CPV,Cabo Verde,2017,1.0,22.4,3.6,5.0,9.7,0.0,0.0,1.1,11.6,23.3,5.9,0.4,16.0,100
29,KHM,Cambodia,2017,0.1,10.1,7.4,8.8,13.0,0.8,0.2,1.4,14.2,17.5,8.2,0.2,18.1,100
30,CMR,Cameroon,2017,3.3,6.3,9.4,6.6,11.2,13.7,0.3,1.9,15.0,10.9,4.7,0.2,16.5,100
31,CAN,Canada,2017,0.0,23.5,0.3,6.0,9.8,0.0,0.0,0.7,1.7,29.5,2.9,0.0,25.6,100
32,CAF,Central African Republic,2017,2.3,3.9,9.3,4.3,11.5,17.4,2.7,3.5,15.5,11.6,5.3,1.2,11.5,100
33,TCD,Chad,2017,0.8,4.5,12.6,5.9,11.1,8.4,0.1,4.2,23.7,9.4,4.7,0.7,13.9,100
34,CHL,Chile,2017,0.0,39.7,0.3,5.3,5.2,0.0,0.0,0.5,2.9,27.6,3.5,0.0,15.0,100
35,CHN,China,2017,0.1,19.9,3.0,15.1,14.1,0.0,0.3,1.3,12.6,16.7,1.4,0.0,15.6,100
36,COL,Colombia,2017,0.1,25.5,1.7,5.7,6.1,0.0,0.0,0.9,9.5,21.0,8.3,0.0,21.2,100
37,COM,Comoros,2017,0.1,6.6,8.8,6.3,12.4,0.1,0.0,3.2,17.9,19.3,7.2,0.5,17.6,100
38,COG,Congo,2017,11.2,7.6,5.5,5.3,11.4,6.6,6.2,1.2,11.6,14.5,5.6,0.2,13.1,100
39,COK,Cook Islands,2017,0.0,28.3,1.2,5.8,10.5,0.0,0.0,1.0,8.7,24.9,2.9,0.0,16.7,100
40,CRI,Costa Rica,2017,0.0,38.5,1.2,4.2,7.3,0.0,0.0,0.9,4.9,28.9,1.5,0.0,12.6,100
41,CIV,Cote d'Ivoire,2017,2.8,5.6,9.9,6.3,12.1,7.2,0.6,2.0,14.4,13.4,7.7,0.4,17.5,100
42,HRV,Croatia,2017,0.0,32.4,0.5,3.3,7.7,0.0,0.0,1.4,3.1,12.1,2.6,0.0,36.8,100
43,CUB,Cuba,2017,0.1,21.9,1.1,8.5,7.2,0.0,0.0,3.0,12.1,15.0,5.9,0.0,25.4,100
44,CYP,Cyprus,2017,0.0,17.8,0.0,3.3,4.4,0.0,0.0,0.6,0.0,24.5,1.3,0.0,48.0,100
45,CZE,Czechia,2017,0.0,22.1,0.6,7.0,10.0,0.0,0.0,1.4,5.5,26.4,4.1,0.0,23.0,100
46,PRK,Democratic People's Republic of Korea,2017,0.1,13.0,6.0,8.0,11.9,0.0,0.0,2.5,15.3,19.8,6.2,0.1,17.1,100
47,COD,Democratic Republic of the Congo,2017,0.7,5.0,8.9,5.4,11.6,13.4,6.2,2.1,13.4,12.0,5.2,0.3,15.7,100
48,DNK,Denmark,2017,0.0,23.4,0.0,2.8,8.2,0.0,0.0,1.0,1.5,43.8,4.4,0.0,14.9,100
49,DJI,Djibouti,2017,2.8,7.9,7.3,6.3,14.0,0.0,0.2,1.9,14.2,21.2,7.0,0.6,16.7,100
50,DMA,Dominica,2017,0.0,16.4,1.1,2.5,35.7,0.0,0.0,0.0,4.1,11.9,12.3,0.0,16.1,100
51,DOM,Dominican Republic,2017,0.6,16.7,3.8,6.7,15.3,0.0,0.0,0.8,10.6,25.6,8.8,0.0,11.1,100
52,ECU,Ecuador,2017,0.1,23.9,1.6,9.5,6.4,0.0,0.0,0.8,12.6,24.8,4.6,0.0,15.7,100
53,EGY,Egypt,2017,0.1,21.8,5.4,5.6,11.5,0.0,0.1,1.5,11.7,21.4,3.9,0.8,16.2,100
54,SLV,El Salvador,2017,2.5,24.6,5.2,6.6,7.5,0.0,0.0,1.2,11.6,19.8,3.6,0.6,16.8,100
55,GNQ,Equatorial Guinea,2017,6.5,6.2,6.9,4.3,12.2,16.1,2.1,1.3,15.0,12.6,3.5,0.6,12.6,100
56,ERI,Eritrea,2017,0.8,7.2,7.5,8.3,11.9,0.7,14.2,2.3,13.9,10.0,7.1,0.1,15.9,100
57,EST,Estonia,2017,0.0,28.8,0.0,10.4,14.5,0.0,0.0,2.0,5.5,15.1,1.4,0.0,22.2,100
58,SWZ,Eswatini,2017,15.5,9.0,7.3,7.1,10.0,0.0,0.0,1.1,13.5,14.0,4.8,0.2,17.7,100
59,ETH,Ethiopia,2017,1.2,7.8,7.6,6.9,16.7,0.8,1.5,2.9,16.8,15.0,8.7,0.8,13.4,100
60,FJI,Fiji,2017,0.5,20.7,3.8,14.4,7.1,0.0,0.0,2.2,12.8,17.2,4.1,0.3,16.9,100
61,FIN,Finland,2017,0.0,35.5,0.2,2.9,12.7,0.0,0.0,0.4,1.4,25.3,4.6,0.0,17.2,100
62,FRA,France,2017,0.0,26.2,1.0,6.3,9.7,0.0,0.0,1.2,1.4,19.6,4.4,0.0,30.2,100
63,GAB,Gabon,2017,5.0,8.9,5.7,4.8,11.6,6.2,9.1,1.2,12.9,15.8,6.2,0.2,12.2,100
64,GMB,Gambia,2017,1.9,7.9,8.4,7.2,14.8,4.1,0.0,2.3,14.4,13.0,9.2,0.3,16.6,100
65,GEO,Georgia,2017,0.2,28.0,0.9,8.4,8.1,0.0,0.0,1.3,7.7,25.8,4.2,0.0,15.3,100
66,DEU,Germany,2017,0.0,31.7,0.4,4.7,7.2,0.0,0.0,0.9,1.8,27.7,1.9,0.0,23.6,100
67,GHA,Ghana,2017,5.0,8.5,5.9,6.0,15.2,7.5,0.2,1.4,11.6,16.3,8.5,0.4,13.7,100
68,GRC,Greece,2017,0.0,32.7,0.0,9.0,4.8,0.0,0.0,1.3,3.6,32.9,0.9,0.0,14.9,100
69,GRD,Grenada,2017,0.0,16.7,0.0,4.8,21.7,0.0,0.0,0.0,1.7,22.4,13.3,0.0,19.5,100
70,GTM,Guatemala,2017,1.4,11.9,7.0,9.8,13.3,0.0,0.0,1.1,15.1,14.9,7.9,0.0,17.8,100
71,GIN,Guinea,2017,1.5,4.5,8.7,5.4,9.9,16.3,3.5,3.6,18.2,9.0,5.2,0.2,14.2,100
72,GNB,Guinea-Bissau,2017,4.2,6.5,8.5,6.1,15.2,4.2,1.1,2.6,14.4,13.6,8.2,0.7,14.9,100
73,GUY,Guyana,2017,1.3,12.6,3.9,8.6,14.2,1.6,0.0,1.4,9.5,19.7,10.7,0.0,16.5,100
74,HTI,Haiti,2017,2.5,7.1,9.2,7.1,11.9,0.1,0.0,3.9,20.9,14.5,6.1,0.3,16.4,100
75,HND,Honduras,2017,1.2,20.9,5.8,3.7,9.1,0.0,0.0,1.4,12.0,21.8,6.4,0.5,17.3,100
76,HUN,Hungary,2017,0.1,26.6,0.6,5.6,5.8,0.0,0.0,2.6,4.5,36.4,2.1,0.0,15.7,100
77,ISL,Iceland,2017,0.0,18.9,0.0,4.1,11.6,0.0,0.0,0.0,0.0,34.0,3.1,0.0,28.3,100
78,IND,India,2017,0.2,9.2,9.2,3.6,12.0,0.1,2.0,2.4,14.3,28.7,7.6,0.5,10.2,100
79,IDN,Indonesia,2017,1.5,11.1,6.2,7.5,12.1,0.5,3.4,1.4,15.8,18.6,5.6,0.2,16.2,100
80,IRN,Iran (Islamic Republic of),2017,0.2,17.0,4.8,6.9,12.6,0.0,0.0,1.2,12.9,22.2,7.8,0.1,14.3,100
81,IRQ,Iraq,2017,0.0,14.1,5.2,7.3,14.0,0.0,0.2,1.3,15.1,21.3,7.1,0.3,14.1,100
82,IRL,Ireland,2017,0.0,42.8,0.1,2.4,5.6,0.0,0.0,1.0,1.9,22.7,2.4,0.0,21.1,100
83,ISR,Israel,2017,0.1,37.2,1.1,6.9,5.8,0.0,0.0,1.5,1.0,19.0,2.0,0.0,25.4,100
84,ITA,Italy,2017,0.0,27.2,0.3,3.6,7.4,0.0,0.0,0.7,1.3,24.4,4.0,0.0,31.0,100
85,JAM,Jamaica,2017,0.8,20.1,1.3,0.9,10.6,0.0,0.0,0.3,4.2,37.3,8.6,0.0,16.0,100
86,JPN,Japan,2017,0.0,41.4,1.7,8.9,4.7,0.0,0.0,0.5,6.6,8.6,1.5,0.0,26.1,100
87,JOR,Jordan,2017,0.0,23.3,2.9,8.6,8.2,0.0,0.0,1.2,9.2,26.0,5.7,0.3,14.6,100
88,KAZ,Kazakhstan,2017,0.4,19.3,5.4,8.6,12.3,0.0,0.0,0.9,11.7,18.7,6.0,0.1,16.7,100
89,KEN,Kenya,2017,4.1,8.8,6.8,7.2,15.1,4.4,0.0,2.5,14.7,14.4,6.9,0.3,14.7,100
90,KIR,Kiribati,2017,0.0,10.9,8.4,7.8,13.3,0.0,0.0,2.3,15.2,15.8,4.7,0.2,21.4,100
91,KWT,Kuwait,2017,0.1,38.6,0.1,6.2,2.0,0.0,0.0,0.5,6.0,34.7,0.8,0.0,11.1,100
92,KGZ,Kyrgyzstan,2017,0.0,17.3,3.8,7.1,13.5,0.0,0.0,1.4,20.2,25.6,4.1,0.0,7.0,100
93,LAO,Lao People's Democratic Republic,2017,0.4,6.9,10.7,8.5,13.9,0.1,0.3,1.6,17.0,14.6,6.9,0.5,18.7,100
94,LVA,Latvia,2017,0.0,25.2,0.0,11.7,16.5,0.0,0.0,0.6,6.0,15.7,2.1,0.0,22.1,100
95,LBN,Lebanon,2017,0.3,28.9,2.7,7.4,8.3,0.0,0.2,0.9,6.3,23.5,3.9,0.0,17.6,100
96,LSO,Lesotho,2017,11.9,6.2,8.5,5.4,13.3,0.0,0.5,1.2,12.5,17.7,6.4,0.8,15.7,100
97,LBR,Liberia,2017,1.3,5.6,7.7,5.8,9.9,9.2,13.9,3.2,13.1,10.0,5.9,0.2,14.2,100
98,LBY,Libya,2017,0.0,27.6,2.5,7.3,8.8,0.0,0.0,1.2,9.5,22.8,3.5,0.0,16.8,100
99,LTU,Lithuania,2017,0.0,32.9,0.0,8.7,9.2,0.0,0.0,3.3,1.5,9.4,5.7,0.0,29.2,100
100,LUX,Luxembourg,2017,0.0,23.5,0.0,7.0,7.3,0.0,0.0,1.7,1.7,32.2,2.3,0.0,24.3,100
101,MDG,Madagascar,2017,0.4,7.9,8.0,8.2,13.3,6.6,0.5,2.7,16.8,13.6,6.3,0.3,15.4,100
102,MWI,Malawi,2017,5.0,8.2,6.4,6.4,12.4,8.2,0.8,2.1,12.8,15.0,6.8,0.2,15.6,100
103,MYS,Malaysia,2017,0.0,27.9,1.4,7.6,8.1,0.0,0.0,1.3,5.6,23.2,4.2,0.0,20.6,100
104,MDV,Maldives,2017,0.0,30.3,1.4,4.9,8.6,0.0,0.0,0.8,7.5,24.8,3.7,0.3,17.8,100
105,MLI,Mali,2017,1.0,4.4,9.9,5.6,11.0,14.2,0.5,3.2,16.7,11.8,6.9,0.4,14.4,100
106,MLT,Malta,2017,0.0,35.8,0.0,0.0,7.2,0.0,0.0,0.7,1.6,37.4,1.4,0.0,15.9,100
107,MHL,Marshall Islands,2017,0.0,11.9,7.8,8.2,11.5,0.0,0.0,1.8,15.9,18.0,5.6,0.1,19.2,100
108,MRT,Mauritania,2017,0.3,5.7,9.1,6.4,11.0,4.3,1.4,2.1,15.5,18.5,8.3,0.5,16.9,100
109,MUS,Mauritius,2017,0.0,24.0,0.0,5.2,11.3,0.0,0.0,1.5,10.2,21.9,9.6,0.0,16.3,100
110,MEX,Mexico,2017,0.1,26.9,2.8,7.4,7.8,0.0,0.0,0.7,9.5,21.4,8.2,0.0,15.2,100
111,FSM,Micronesia (Federated States of),2017,0.0,12.8,6.1,7.2,13.9,0.0,0.0,1.9,15.3,19.0,6.1,0.2,17.6,100
112,MCO,Monaco,2017,0.0,33.4,0.0,0.5,11.4,0.0,0.0,0.0,0.4,38.7,4.9,0.0,10.8,100
113,MNG,Mongolia,2017,0.1,17.8,5.6,8.0,13.6,0.0,0.0,1.7,14.1,17.3,5.9,0.1,15.7,100
114,MNE,Montenegro,2017,0.0,7.5,0.0,1.9,36.4,0.0,0.0,1.1,3.9,30.7,2.2,0.0,16.3,100
115,MAR,Morocco,2017,0.0,12.7,4.7,7.3,14.0,0.0,0.0,2.1,11.6,22.5,9.0,0.2,15.7,100
116,MOZ,Mozambique,2017,8.5,5.8,6.9,5.4,11.8,12.6,0.4,2.0,12.9,12.5,7.4,0.3,13.5,100
117,MMR,Myanmar,2017,0.4,8.0,8.7,8.5,14.8,0.1,1.1,1.4,15.1,17.0,6.9,0.4,17.7,100
118,NAM,Namibia,2017,7.5,8.4,7.4,7.6,10.8,2.1,0.0,1.2,14.9,16.4,5.6,0.2,18.0,100
119,NRU,Nauru,2017,0.0,10.6,6.2,6.1,11.9,0.0,0.0,1.0,14.1,25.9,8.6,0.2,15.2,100
120,NPL,Nepal,2017,0.1,9.8,6.2,6.8,15.3,0.0,0.2,1.8,13.1,21.6,9.8,0.4,14.9,100
121,NLD,Netherlands,2017,0.0,29.0,0.2,5.1,9.8,0.0,0.0,1.2,1.7,23.0,6.3,0.0,23.5,100
122,NZL,New Zealand,2017,0.0,26.2,0.7,12.2,5.6,0.0,0.0,1.7,6.5,28.6,3.1,0.0,15.5,100
123,NIC,Nicaragua,2017,0.0,21.9,3.8,6.0,6.1,0.1,0.0,1.9,19.3,14.6,7.5,0.0,18.7,100
124,NER,Niger,2017,0.3,4.0,8.7,6.5,9.7,18.6,0.6,3.3,15.5,11.6,6.5,0.2,14.4,100
125,NGA,Nigeria,2017,2.6,5.1,10.4,5.7,12.2,9.8,1.6,3.5,18.6,11.8,4.4,0.9,13.5,100
126,NIU,Niue,2017,0.0,26.8,2.1,13.6,4.4,0.0,0.0,2.3,18.0,8.2,0.0,0.0,24.7,100
127,NOR,Norway,2017,0.0,30.7,0.3,4.0,11.8,0.0,0.0,1.0,2.1,16.3,2.4,0.0,31.5,100
128,OMN,Oman,2017,0.2,28.9,1.2,11.5,7.0,0.0,0.0,1.4,6.7,19.2,2.3,0.0,21.6,100
129,PAK,Pakistan,2017,0.1,5.4,8.1,6.5,14.3,0.0,1.4,2.9,14.2,22.4,9.2,1.5,14.0,100
130,PLW,Palau,2017,0.0,23.1,1.7,17.6,6.3,0.0,0.0,1.9,9.7,19.2,3.6,0.0,17.0,100
131,PAN,Panama,2017,0.3,28.0,5.2,3.6,7.6,0.0,0.0,0.9,13.2,19.0,7.8,0.0,14.6,100
132,PNG,Papua New Guinea,2017,1.8,7.4,6.4,5.8,13.4,12.8,0.7,2.1,14.0,14.9,6.4,0.4,13.9,100
133,PRY,Paraguay,2017,1.1,21.5,4.5,6.5,7.7,0.0,0.0,1.4,11.1,23.1,6.3,0.3,16.4,100
134,PER,Peru,2017,0.2,24.4,4.6,8.6,7.4,0.0,0.0,1.3,9.9,20.2,3.8,0.4,19.2,100
135,PHL,Philippines,2017,0.1,10.9,7.7,8.9,13.2,0.0,0.7,1.2,15.8,16.6,6.5,0.1,18.3,100
136,POL,Poland,2017,0.0,37.6,0.1,4.2,4.3,0.0,0.0,0.7,4.6,36.8,1.6,0.0,10.0,100
137,PRT,Portugal,2017,0.0,24.9,0.0,5.0,8.3,0.0,0.0,1.1,5.7,23.1,4.4,0.0,27.4,100
138,QAT,Qatar,2017,0.0,28.8,0.4,10.5,7.1,0.0,0.0,1.3,4.3,24.6,1.8,0.0,21.2,100
139,KOR,Republic of Korea,2017,0.0,24.9,0.5,9.3,6.6,0.0,0.0,0.9,2.3,29.0,4.4,0.0,22.1,100
140,MDA,Republic of Moldova,2017,0.0,29.0,0.3,6.4,8.4,0.0,0.0,1.3,17.7,15.7,14.0,0.0,7.1,100
141,ROU,Romania,2017,0.0,23.1,0.2,8.1,2.8,0.0,0.1,0.8,28.1,22.6,0.8,0.0,13.3,100
142,RUS,Russian Federation,2017,2.5,28.9,0.8,9.6,6.6,0.0,0.0,1.3,6.7,19.6,2.6,0.0,21.5,100
143,RWA,Rwanda,2017,1.4,10.9,6.6,8.2,12.9,4.4,0.2,1.8,13.4,14.9,6.9,0.1,18.2,100
144,KNA,Saint Kitts and Nevis,2017,0.0,11.5,0.0,6.8,26.5,0.0,0.0,1.9,12.1,16.0,0.0,0.0,25.2,100
145,LCA,Saint Lucia,2017,0.0,14.7,0.0,2.5,8.2,0.0,0.0,0.0,7.0,39.2,3.7,0.0,24.8,100
146,VCT,Saint Vincent and the Grenadines,2017,0.0,23.5,1.8,4.3,7.5,0.0,0.0,0.0,4.3,21.4,10.7,0.0,26.5,100
147,WSM,Samoa,2017,0.0,22.4,4.7,5.9,7.9,0.0,7.8,1.5,9.9,22.7,5.8,0.0,11.6,100
148,SMR,San Marino,2017,0.0,8.2,0.0,0.0,0.0,0.0,0.0,0.0,0.0,0.0,0.0,0.0,91.8,100
149,STP,Sao Tome and Principe,2017,0.0,11.8,7.7,9.2,13.3,0.0,0.0,1.3,14.5,14.7,7.0,0.1,20.4,100
150,SAU,Saudi Arabia,2017,0.5,26.7,1.0,10.1,8.3,0.0,0.0,1.1,5.4,23.6,3.2,0.0,19.9,100
151,SEN,Senegal,2017,1.0,8.4,7.6,7.8,13.4,4.3,0.4,2.3,14.4,14.1,9.5,0.2,16.5,100
152,SRB,Serbia,2017,0.0,20.8,0.1,4.1,11.1,0.0,0.0,1.2,3.7,44.3,1.4,0.0,13.3,100
153,SYC,Seychelles,2017,0.0,24.7,0.9,9.1,8.2,0.0,0.0,1.5,6.5,25.3,5.9,0.0,18.0,100
154,SLE,Sierra Leone,2017,1.1,4.5,8.8,5.1,10.6,22.5,0.2,2.1,13.2,10.3,5.7,0.3,15.5,100
155,SGP,Singapore,2017,0.0,36.4,1.1,7.0,2.2,0.0,0.0,0.5,8.3,20.5,2.0,0.0,22.0,100
156,SVK,Slovakia,2017,0.0,33.8,0.4,3.6,4.7,0.0,0.0,1.2,10.4,28.7,0.9,0.0,16.3,100
157,SVN,Slovenia,2017,0.0,28.2,0.0,4.9,4.4,0.0,0.0,0.0,1.3,32.5,5.3,0.0,23.4,100
158,SLB,Solomon Islands,2017,0.0,11.5,7.1,9.3,11.4,6.2,0.0,1.6,13.8,14.4,5.8,0.1,18.7,100
159,SOM,Somalia,2017,0.1,4.2,11.2,5.0,12.7,0.5,15.0,4.3,20.7,8.5,3.1,2.0,12.5,100
160,ZAF,South Africa,2017,11.8,8.6,7.7,8.4,6.9,0.1,0.9,1.2,15.8,13.3,4.1,0.0,21.2,100
161,SSD,South Sudan,2017,2.6,5.4,8.8,5.1,15.0,6.6,0.9,3.8,20.3,12.6,4.7,2.4,11.7,100
162,ESP,Spain,2017,0.0,26.2,0.5,5.2,8.4,0.0,0.0,1.1,2.2,21.2,5.6,0.0,29.7,100
163,LKA,Sri Lanka,2017,0.1,27.4,1.4,6.3,8.8,0.0,0.0,0.8,5.7,24.5,2.6,1.0,21.5,100
164,SDN,Sudan,2017,0.4,6.2,8.2,7.2,11.0,1.3,1.7,1.6,14.4,21.1,8.1,0.5,18.4,100
165,SUR,Suriname,2017,1.4,15.7,1.7,11.0,11.3,0.0,0.0,1.5,7.0,24.0,8.1,0.0,18.2,100
166,SWE,Sweden,2017,0.0,28.7,0.4,4.1,12.2,0.0,0.0,0.5,2.7,16.7,3.3,0.0,31.4,100
167,CHE,Switzerland,2017,0.0,33.8,0.1,4.3,9.0,0.0,0.0,0.9,1.5,29.5,3.2,0.0,17.7,100
168,SYR,Syrian Arab Republic,2017,0.1,16.8,20.3,7.9,8.1,0.0,2.3,0.6,10.1,18.3,3.8,0.6,11.1,100
169,TJK,Tajikistan,2017,0.1,9.8,6.8,9.1,12.5,0.0,0.0,3.1,18.5,15.5,5.3,0.2,19.1,100
170,THA,Thailand,2017,0.8,26.7,2.6,7.1,7.8,0.0,0.2,0.9,8.8,22.6,3.5,0.5,18.4,100
171,MKD,The former Yugoslav Republic of Macedonia,2017,0.0,11.1,0.9,1.4,6.6,0.0,0.0,0.8,5.3,60.1,3.7,0.0,10.2,100
172,TLS,Timor-Leste,2017,0.3,7.4,8.9,8.4,14.3,0.0,0.0,2.3,20.6,11.2,7.9,0.3,18.4,100
173,TGO,Togo,2017,2.9,5.5,6.6,5.2,12.3,23.1,0.7,2.7,12.1,10.6,6.1,0.3,11.8,100
174,TON,Tonga,2017,0.0,23.5,5.4,10.8,5.8,0.0,0.0,2.0,11.5,19.6,3.8,0.0,17.6,100
175,TTO,Trinidad and Tobago,2017,1.3,22.3,0.8,6.2,8.2,0.0,0.0,1.1,7.3,26.3,5.5,0.0,21.1,100
176,TUN,Tunisia,2017,0.2,25.4,2.4,4.1,11.1,0.0,0.0,1.0,8.2,24.2,2.7,0.6,20.0,100
177,TUR,Turkey,2017,0.0,33.7,0.9,4.8,5.3,0.0,0.0,0.5,4.2,25.0,3.3,0.0,22.3,100
178,TKM,Turkmenistan,2017,0.8,12.3,7.7,7.3,13.4,0.0,0.0,1.6,16.4,16.6,5.8,0.2,17.9,100
179,TUV,Tuvalu,2017,0.0,19.8,2.7,6.1,11.1,0.0,0.0,1.1,12.3,29.1,6.6,0.0,11.3,100
180,UGA,Uganda,2017,3.0,7.9,7.1,6.6,13.6,10.5,0.2,2.5,13.6,12.7,7.1,0.2,15.0,100
181,UKR,Ukraine,2017,3.7,26.1,5.3,5.5,7.1,0.0,0.8,1.0,7.9,24.5,2.3,0.0,15.8,100
182,ARE,United Arab Emirates,2017,0.2,30.1,0.7,9.1,8.0,0.0,0.0,1.0,4.4,24.4,2.1,0.0,20.1,100
183,GBR,United Kingdom,2017,0.0,27.5,0.3,3.7,6.1,0.0,0.0,1.2,3.9,36.8,1.0,0.0,19.5,100
184,TZA,United Republic of Tanzania,2017,3.4,8.5,8.0,7.7,14.2,6.3,0.1,1.9,14.3,11.4,6.9,0.2,17.2,100
185,USA,United States,2017,0.0,24.9,1.5,12.4,4.7,0.0,0.0,0.5,2.9,26.9,2.4,0.0,23.8,100
186,URY,Uruguay,2017,0.0,35.5,0.6,6.3,7.3,0.0,0.0,1.6,4.4,21.9,6.5,0.0,15.8,100
187,UZB,Uzbekistan,2017,0.2,17.0,5.2,8.7,14.0,0.0,0.0,1.3,11.9,19.0,6.1,0.1,16.4,100
188,VUT,Vanuatu,2017,0.0,17.4,10.8,5.4,8.3,0.0,0.0,1.7,17.3,18.6,3.0,0.9,16.5,100
189,VEN,Venezuela (Bolivarian Republic of),2017,0.3,20.0,4.1,7.6,9.4,0.6,0.0,1.3,10.3,26.3,10.3,0.0,9.9,100
190,VNM,Viet Nam,2017,0.4,22.3,6.8,6.9,7.3,0.0,0.2,1.7,13.7,22.3,4.2,0.4,14.1,100
191,YEM,Yemen,2017,0.1,6.8,8.1,7.8,12.8,1.1,0.1,1.8,17.6,19.0,7.1,0.8,16.9,100
192,ZMB,Zambia,2017,6.7,7.4,7.8,7.0,12.9,8.2,0.0,1.7,14.0,12.5,6.1,0.3,15.6,100
193,ZWE,Zimbabwe,2017,4.8,8.9,6.9,7.0,14.0,4.4,0.0,1.6,13.5,16.5,6.2,0.3,15.9,100
194,AFG,Afghanistan,2000,0.0,3.6,12.4,3.9,12.9,0.2,8.4,4.4,18.1,14.1,3.8,8.6,9.7,100
195,ALB,Albania,2000,0.0,20.1,2.9,10.3,5.9,0.0,0.1,3.9,20.4,19.8,2.0,0.3,14.3,100
196,DZA,Algeria,2000,0.0,10.7,8.2,5.3,11.9,0.0,4.5,1.7,15.7,22.8,6.2,0.4,12.5,100
197,AND,Andorra,2000,0.0,16.3,0.0,0.1,0.0,0.0,0.0,0.2,0.5,66.4,0.0,0.0,16.4,100
198,AGO,Angola,2000,0.7,3.8,20.2,3.6,9.5,9.8,1.1,5.2,21.0,8.7,2.9,1.6,11.9,100
199,ATG,Antigua and Barbuda,2000,0.0,20.8,0.0,1.8,21.4,0.0,0.0,1.8,0.0,31.1,0.0,0.0,23.1,100
200,ARG,Argentina,2000,0.4,23.8,2.2,8.9,6.0,0.0,0.0,1.7,7.1,26.9,5.7,0.0,17.2,100
201,ARM,Armenia,2000,0.2,16.4,4.2,8.6,6.9,0.0,0.1,2.3,21.2,24.4,4.5,0.0,11.3,100
202,AUS,Australia,2000,0.0,28.2,0.1,10.7,9.9,0.0,0.0,1.7,2.5,17.6,2.5,0.0,26.8,100
203,AUT,Austria,2000,0.0,38.0,0.3,9.8,6.5,0.0,0.0,1.5,1.9,22.4,1.3,0.0,18.2,100
204,AZE,Azerbaijan,2000,0.0,7.2,12.3,5.2,12.0,0.0,0.2,3.0,19.1,20.8,3.5,0.8,15.7,100
205,BHS,Bahamas,2000,1.0,17.4,1.0,10.9,11.1,0.0,0.0,0.9,23.2,18.6,5.9,0.0,10.0,100
206,BHR,Bahrain,2000,0.0,37.1,0.8,15.6,6.5,0.0,0.0,0.0,1.5,18.3,1.4,0.0,18.9,100
207,BGD,Bangladesh,2000,0.0,4.3,12.3,5.0,12.9,0.0,4.1,3.4,20.2,14.6,10.4,1.3,11.4,100
208,BRB,Barbados,2000,4.4,8.2,0.0,4.2,19.6,0.0,0.0,2.6,0.0,40.4,0.8,0.0,19.8,100
209,BLR,Belarus,2000,0.2,27.0,1.9,7.8,7.2,0.0,0.0,2.4,14.8,20.8,2.4,0.0,15.4,100
210,BEL,Belgium,2000,0.0,30.7,0.7,10.0,8.8,0.0,0.0,4.1,1.2,17.0,2.1,0.0,25.3,100
211,BLZ,Belize,2000,1.5,17.1,4.5,10.9,10.9,0.0,0.0,3.3,11.1,23.7,4.7,0.0,12.3,100
212,BEN,Benin,2000,1.8,3.1,12.7,3.4,8.6,17.0,6.6,3.5,16.2,10.2,5.3,0.4,11.2,100
213,BTN,Bhutan,2000,0.2,5.8,13.5,6.6,12.5,0.2,2.6,3.8,21.8,12.1,7.5,0.5,12.9,100
214,BOL,Bolivia (Plurinational State of),2000,0.2,8.8,14.7,6.3,12.6,0.0,0.0,2.4,19.5,14.3,4.9,0.7,15.6,100
215,BIH,Bosnia and Herzegovina,2000,0.0,29.2,1.5,4.6,8.7,0.0,1.0,1.8,10.5,26.8,3.1,0.0,12.7,100
216,BWA,Botswana,2000,47.6,2.8,2.7,1.1,7.0,0.4,14.3,0.6,5.2,10.8,3.2,0.2,3.9,100
217,BRA,Brazil,2000,0.4,14.2,7.2,4.5,8.6,0.0,0.0,2.5,11.9,23.5,7.7,0.0,19.4,100
218,BRN,Brunei Darussalam,2000,0.0,36.0,0.7,11.6,3.6,0.0,0.0,0.7,4.6,15.7,4.6,0.0,22.4,100
219,BGR,Bulgaria,2000,0.0,27.6,3.0,5.8,7.1,0.0,0.0,1.8,23.7,11.5,3.2,0.0,16.4,100
220,BFA,Burkina Faso,2000,2.3,1.8,6.9,1.6,6.6,38.2,13.4,3.1,8.9,7.7,3.4,0.6,5.3,100
221,BDI,Burundi,2000,3.9,2.5,12.0,3.2,8.0,25.5,4.7,3.9,15.9,8.3,3.1,0.6,8.5,100
222,CPV,Cabo Verde,2000,3.6,13.2,8.8,2.8,9.1,0.0,5.8,1.4,16.3,18.6,4.6,1.3,14.5,100
223,KHM,Cambodia,2000,1.4,3.8,15.6,5.5,10.6,2.0,3.6,4.4,22.5,11.8,3.8,1.1,14.1,100
224,CMR,Cameroon,2000,4.5,3.5,14.5,3.6,7.8,17.4,4.7,3.0,17.4,9.0,2.6,0.6,11.4,100
225,CAN,Canada,2000,0.0,29.1,0.4,7.3,9.5,0.0,0.0,1.5,2.3,25.1,2.2,0.0,22.6,100
226,CAF,Central African Republic,2000,7.3,2.7,10.5,2.2,9.1,22.0,6.4,4.6,12.8,10.0,3.0,1.8,7.5,100
227,TCD,Chad,2000,1.8,3.3,18.4,3.8,9.4,7.9,5.2,4.8,21.3,8.6,2.9,1.9,10.6,100
228,CHL,Chile,2000,0.1,33.3,0.9,10.1,4.4,0.0,0.0,2.1,10.2,23.0,3.1,0.0,12.7,100
229,CHN,China,2000,0.1,12.3,5.0,15.0,16.2,0.0,0.3,1.5,20.1,15.4,0.8,0.7,12.5,100
230,COL,Colombia,2000,0.2,15.3,6.1,6.5,8.8,0.1,0.0,2.0,12.7,24.3,5.3,0.0,18.6,100
231,COM,Comoros,2000,0.1,4.7,13.9,4.8,11.7,1.6,0.0,4.4,20.7,17.5,5.4,1.2,14.0,100
232,COG,Congo,2000,7.2,4.0,11.1,3.5,9.4,13.4,7.9,2.2,15.1,11.4,2.8,0.5,11.3,100
233,COK,Cook Islands,2000,0.0,22.1,2.7,4.6,10.3,0.0,0.0,1.3,13.9,23.6,5.3,0.0,16.1,100
234,CRI,Costa Rica,2000,0.2,31.7,3.5,4.2,7.4,0.0,0.0,1.0,7.3,24.4,4.0,0.0,16.3,100
235,CIV,Cote d'Ivoire,2000,7.8,2.7,7.8,2.1,9.6,28.8,4.6,2.0,10.7,11.0,4.9,1.1,6.9,100
236,HRV,Croatia,2000,0.0,30.1,0.4,8.5,6.7,0.0,0.0,1.4,5.5,30.9,4.9,0.0,11.5,100
237,CUB,Cuba,2000,0.0,27.4,1.5,8.5,11.4,0.0,0.0,3.6,6.3,16.4,6.5,0.0,18.3,100
238,CYP,Cyprus,2000,0.4,18.3,0.1,6.5,4.0,0.0,0.0,1.9,2.1,22.6,2.0,0.0,42.1,100
239,CZE,Czechia,2000,0.0,19.9,0.2,12.8,11.3,0.0,0.0,1.9,4.8,19.4,2.3,0.0,27.3,100
240,PRK,Democratic People's Republic of Korea,2000,0.0,7.2,11.7,5.9,11.4,0.0,0.0,3.8,19.3,20.0,4.0,0.4,16.2,100
241,COD,Democratic Republic of the Congo,2000,2.5,2.6,10.6,2.5,8.8,26.1,8.2,3.3,13.2,10.1,2.6,0.9,8.7,100
242,DNK,Denmark,2000,0.0,34.9,0.0,6.7,11.6,0.0,0.0,1.6,1.4,26.9,1.7,0.0,15.3,100
243,DJI,Djibouti,2000,3.8,4.6,12.5,4.4,13.2,0.1,6.9,3.0,17.3,16.0,3.8,1.9,12.6,100
244,DMA,Dominica,2000,0.0,21.1,0.0,1.4,9.8,0.0,0.0,0.0,3.5,44.9,4.3,0.0,14.9,100
245,DOM,Dominican Republic,2000,4.1,12.3,7.2,5.2,13.0,0.0,0.0,1.6,13.9,25.7,5.9,0.0,11.0,100
246,ECU,Ecuador,2000,0.7,22.3,3.0,8.2,6.1,0.2,0.0,0.8,14.3,23.4,4.4,0.0,16.6,100
247,EGY,Egypt,2000,0.0,12.1,7.9,2.6,12.8,0.0,2.0,1.6,17.4,23.5,3.0,1.3,15.7,100
248,SLV,El Salvador,2000,1.0,15.9,8.6,7.0,8.1,0.0,0.0,1.7,18.2,17.6,5.3,0.5,16.1,100
249,GNQ,Equatorial Guinea,2000,3.0,3.7,12.2,3.0,9.6,20.5,5.4,1.7,14.8,11.3,3.1,1.1,10.5,100
250,ERI,Eritrea,2000,1.7,3.4,12.4,5.0,8.7,0.2,22.4,3.8,19.0,7.9,4.6,0.3,10.4,100
251,EST,Estonia,2000,0.0,28.1,2.0,24.3,3.9,0.0,0.0,1.1,7.5,15.6,9.1,0.0,8.4,100
252,SWZ,Eswatini,2000,31.4,4.7,11.9,3.6,7.4,0.0,0.0,2.2,16.2,8.5,2.7,0.2,11.3,100
253,ETH,Ethiopia,2000,3.9,3.4,15.0,4.1,12.3,1.2,4.8,7.6,20.8,9.6,4.2,3.4,9.8,100
254,FJI,Fiji,2000,0.0,19.8,6.2,10.5,7.7,0.0,1.8,3.1,14.6,15.9,3.3,0.4,16.6,100
255,FIN,Finland,2000,0.0,39.5,0.7,5.0,8.7,0.0,0.0,0.5,2.1,25.7,0.9,0.0,16.9,100
256,FRA,France,2000,0.1,28.0,1.5,9.0,12.0,0.0,0.0,2.2,1.5,17.4,3.4,0.0,24.9,100
257,GAB,Gabon,2000,6.9,4.8,7.9,3.0,9.5,10.2,15.6,1.3,12.2,15.6,3.7,0.5,8.9,100
258,GMB,Gambia,2000,1.5,4.4,15.1,4.7,11.9,7.2,4.2,3.1,16.2,10.4,7.8,0.4,13.1,100
259,GEO,Georgia,2000,0.1,14.4,3.6,8.8,8.4,0.0,0.0,2.1,17.7,28.7,5.4,0.0,10.8,100
260,DEU,Germany,2000,0.1,33.4,0.4,7.1,5.1,0.0,0.0,1.8,1.7,28.5,1.7,0.0,20.1,100
261,GHA,Ghana,2000,4.5,3.6,8.1,3.1,11.3,18.0,10.8,2.3,12.5,11.4,6.0,0.7,7.9,100
262,GRC,Greece,2000,0.0,37.8,0.0,6.4,5.9,0.0,0.0,1.5,3.7,35.5,1.4,0.0,7.9,100
263,GRD,Grenada,2000,0.0,3.0,3.1,7.7,23.3,0.0,0.0,0.0,8.8,28.2,11.3,0.0,14.7,100
264,GTM,Guatemala,2000,0.4,7.5,12.7,7.2,12.7,0.0,0.0,2.7,22.2,13.3,7.1,0.0,14.1,100
265,GIN,Guinea,2000,1.5,2.9,11.7,2.8,9.0,17.7,14.3,3.3,14.5,8.1,4.7,0.8,8.6,100
266,GNB,Guinea-Bissau,2000,2.4,3.3,14.5,3.1,9.5,9.6,9.8,3.7,17.1,11.1,4.1,2.3,9.5,100
267,GUY,Guyana,2000,2.4,9.9,12.2,4.6,12.0,1.4,0.0,0.8,8.4,27.0,8.3,0.0,13.0,100
268,HTI,Haiti,2000,3.2,4.8,17.6,6.0,10.0,0.2,0.0,4.8,24.4,11.2,3.5,0.6,13.9,100
269,HND,Honduras,2000,2.5,12.2,8.6,2.0,9.3,0.1,0.0,1.8,14.3,20.4,5.8,0.4,22.7,100
270,HUN,Hungary,2000,0.0,24.0,0.1,7.4,4.7,0.0,0.0,1.3,7.7,42.1,0.3,0.0,12.4,100
271,ISL,Iceland,2000,0.0,18.2,0.0,7.8,10.7,0.0,0.0,0.0,0.0,32.1,0.0,0.0,31.2,100
272,IND,India,2000,0.5,4.9,13.5,3.1,13.2,0.2,3.0,3.4,19.3,17.5,6.9,2.3,12.2,100
273,IDN,Indonesia,2000,0.1,6.7,10.0,5.7,12.3,0.2,9.4,3.5,17.9,15.0,5.7,0.3,13.1,100
274,IRN,Iran (Islamic Republic of),2000,0.1,11.4,8.3,5.7,12.7,0.0,0.4,2.7,16.3,21.2,7.3,0.2,13.5,100
275,IRQ,Iraq,2000,0.0,9.4,9.2,6.0,14.8,0.0,1.4,2.0,17.1,18.3,8.7,0.5,12.6,100
276,IRL,Ireland,2000,0.0,41.4,0.0,3.1,5.9,0.0,0.8,4.1,2.7,19.7,2.1,0.0,20.1,100
277,ISR,Israel,2000,0.0,26.3,0.8,6.4,3.9,0.0,0.0,0.3,1.7,30.3,2.7,0.0,27.7,100
278,ITA,Italy,2000,0.3,33.4,0.0,4.1,9.2,0.0,0.0,0.6,1.9,32.8,1.9,0.0,15.8,100
279,JAM,Jamaica,2000,11.2,12.2,1.5,1.0,13.3,0.0,0.0,0.6,3.1,40.3,8.5,0.0,8.5,100
280,JPN,Japan,2000,0.0,39.8,0.6,12.6,5.2,0.0,0.2,1.2,6.8,10.3,2.2,0.0,21.1,100
281,JOR,Jordan,2000,0.0,17.8,5.1,8.2,10.1,0.0,0.0,1.5,12.0,25.3,4.8,1.4,13.7,100
282,KAZ,Kazakhstan,2000,0.0,11.7,9.5,6.1,11.4,0.0,0.0,2.4,17.5,22.6,4.2,0.3,14.3,100
283,KEN,Kenya,2000,15.6,4.2,11.4,4.2,11.0,6.9,1.2,3.3,17.0,9.9,4.1,0.5,10.7,100
284,KIR,Kiribati,2000,0.0,8.1,12.7,5.6,13.5,0.0,0.0,4.0,20.5,14.3,4.7,0.4,16.1,100
285,KWT,Kuwait,2000,0.0,45.1,0.4,6.9,3.8,0.0,0.0,0.9,6.1,23.5,1.5,0.0,11.9,100
286,KGZ,Kyrgyzstan,2000,0.0,8.8,8.4,7.9,14.5,0.0,0.0,2.5,33.6,10.7,6.8,0.0,6.9,100
287,LAO,Lao People's Democratic Republic,2000,0.1,4.0,16.1,5.4,12.0,0.6,5.9,3.8,23.0,10.9,3.6,2.7,11.9,100
288,LVA,Latvia,2000,0.0,34.9,0.0,13.6,13.7,0.0,0.0,1.7,4.6,17.0,1.5,0.0,12.9,100
289,LBN,Lebanon,2000,0.2,22.2,4.1,9.7,9.3,0.0,0.8,1.4,10.9,23.2,5.2,0.0,13.0,100
290,LSO,Lesotho,2000,26.4,4.1,9.3,3.0,12.0,0.0,0.9,2.4,14.2,12.8,4.8,0.9,9.2,100
291,LBR,Liberia,2000,3.3,2.9,13.9,2.8,7.5,11.6,16.3,4.2,15.4,8.6,3.1,0.8,9.6,100
292,LBY,Libya,2000,0.0,20.3,3.0,8.4,10.8,0.0,0.0,1.7,11.7,22.9,4.7,0.0,16.4,100
293,LTU,Lithuania,2000,0.0,36.5,0.3,18.3,7.3,0.0,0.0,2.5,9.5,12.5,2.0,0.0,11.3,100
294,LUX,Luxembourg,2000,0.0,11.9,0.0,14.3,20.8,0.0,0.0,7.1,0.0,20.0,1.9,0.0,23.9,100
295,MDG,Madagascar,2000,0.1,3.8,16.5,5.5,9.9,1.1,4.4,4.8,23.4,11.7,3.5,0.6,14.6,100
296,MWI,Malawi,2000,11.4,2.6,9.9,2.4,7.8,29.4,0.2,3.2,12.4,8.1,3.7,0.4,8.5,100
297,MYS,Malaysia,2000,1.0,27.3,2.8,6.2,8.9,0.1,0.0,1.6,8.6,22.7,4.6,0.0,16.1,100
298,MDV,Maldives,2000,0.0,14.5,4.3,3.3,8.7,0.0,0.0,1.4,19.0,27.5,4.7,0.1,16.5,100
299,MLI,Mali,2000,0.9,3.3,16.6,2.9,7.7,17.5,3.4,3.7,17.5,10.7,3.3,2.1,10.4,100
300,MLT,Malta,2000,0.0,20.3,0.0,4.7,6.7,0.0,0.0,5.6,1.5,36.2,3.0,0.0,22.1,100
301,MHL,Marshall Islands,2000,0.0,10.9,10.9,6.4,12.7,0.0,0.0,2.6,18.1,18.0,4.6,0.3,15.4,100
302,MRT,Mauritania,2000,0.6,3.5,13.5,4.3,9.9,3.6,6.2,3.3,19.0,17.5,5.4,1.4,11.9,100
303,MUS,Mauritius,2000,0.0,21.1,1.5,6.7,10.0,0.0,0.0,1.5,3.8,41.0,4.4,0.0,9.9,100
304,MEX,Mexico,2000,0.1,19.4,6.6,8.2,8.1,0.0,0.0,1.4,14.7,19.3,6.1,0.0,16.0,100
305,FSM,Micronesia (Federated States of),2000,0.0,9.3,11.1,6.1,13.7,0.0,0.8,2.3,17.5,18.1,4.1,0.5,16.5,100
306,MCO,Monaco,2000,0.0,31.7,0.1,6.6,10.0,0.0,0.0,1.4,3.9,22.9,2.1,0.0,21.2,100
307,MNG,Mongolia,2000,0.0,8.2,12.9,6.4,10.6,0.0,0.1,3.5,20.5,17.5,3.2,0.3,16.7,100
308,MNE,Montenegro,2000,0.0,14.7,0.0,7.8,28.0,0.0,0.0,1.4,7.0,23.5,2.5,0.0,15.1,100
309,MAR,Morocco,2000,0.1,8.7,9.2,5.1,13.8,0.0,0.2,4.8,16.9,20.5,7.9,0.7,12.0,100
310,MOZ,Mozambique,2000,8.7,2.6,10.1,2.3,8.6,26.2,3.7,3.3,12.5,9.1,4.3,0.9,7.7,100
311,MMR,Myanmar,2000,0.4,4.7,13.2,5.7,13.1,0.8,1.7,4.0,20.3,16.0,5.5,0.9,13.8,100
312,NAM,Namibia,2000,32.6,4.2,8.0,3.5,9.1,2.1,0.1,1.8,13.2,11.7,3.7,0.2,10.0,100
313,NRU,Nauru,2000,0.0,9.7,8.1,4.7,12.5,0.0,0.0,1.3,15.0,28.1,7.6,0.5,12.4,100
314,NPL,Nepal,2000,0.1,5.0,10.7,4.7,14.9,0.0,8.7,3.8,18.7,13.1,7.6,2.1,10.5,100
315,NLD,Netherlands,2000,0.0,35.8,0.0,5.6,11.9,0.0,0.0,2.8,2.3,21.4,3.4,0.0,16.8,100
316,NZL,New Zealand,2000,0.0,28.8,0.4,12.2,6.5,0.0,0.0,4.2,5.6,22.5,1.1,0.0,18.7,100
317,NIC,Nicaragua,2000,0.6,19.7,8.4,4.7,6.1,0.1,0.0,1.5,19.4,14.8,7.7,0.0,16.9,100
318,NER,Niger,2000,0.3,3.3,19.2,3.3,7.4,12.5,5.2,7.6,20.3,6.8,2.6,1.0,10.5,100
319,NGA,Nigeria,2000,2.1,2.9,12.6,2.7,8.9,18.3,15.1,2.5,14.6,7.8,2.5,1.8,8.3,100
320,NIU,Niue,2000,0.0,19.1,4.6,11.4,3.3,0.0,0.0,4.3,29.1,6.2,0.0,0.0,22.1,100
321,NOR,Norway,2000,0.0,37.1,0.5,6.1,10.2,0.0,0.0,4.9,3.3,12.3,1.1,0.0,24.5,100
322,OMN,Oman,2000,0.5,25.3,2.0,10.9,7.7,0.0,0.0,1.8,11.1,16.2,2.6,0.0,21.6,100
323,PAK,Pakistan,2000,0.0,4.3,12.9,5.0,15.3,0.0,0.8,4.0,19.3,15.2,6.7,5.6,10.9,100
324,PLW,Palau,2000,0.0,18.3,1.8,14.2,8.1,0.0,0.0,2.4,10.3,25.1,6.3,0.0,13.5,100
325,PAN,Panama,2000,0.7,27.3,4.8,3.3,8.1,0.0,0.0,1.6,9.9,20.1,6.1,0.0,18.2,100
326,PNG,Papua New Guinea,2000,1.2,4.9,9.1,4.2,11.4,14.0,6.6,2.8,15.7,14.4,4.6,0.7,10.5,100
327,PRY,Paraguay,2000,0.6,14.5,8.6,5.4,7.9,0.0,0.0,1.5,14.3,22.4,6.7,1.3,16.7,100
328,PER,Peru,2000,1.1,13.1,7.3,6.1,7.6,0.0,0.0,2.3,15.0,18.1,5.0,0.8,23.5,100
329,PHL,Philippines,2000,0.0,7.9,11.5,6.9,12.4,0.1,0.1,2.7,21.2,16.7,5.2,0.3,15.1,100
330,POL,Poland,2000,0.0,36.3,0.2,6.2,9.1,0.0,0.0,1.2,5.0,25.6,5.8,0.0,10.6,100
331,PRT,Portugal,2000,0.2,32.1,0.2,9.8,5.7,0.2,0.0,4.5,3.2,20.1,5.5,0.0,18.5,100
332,QAT,Qatar,2000,0.0,26.8,0.7,8.9,8.8,0.0,0.0,2.0,5.3,22.9,2.5,0.0,22.1,100
333,KOR,Republic of Korea,2000,0.0,24.0,0.8,15.2,6.1,0.0,0.4,1.4,5.4,24.4,4.5,0.0,17.8,100
334,MDA,Republic of Moldova,2000,0.0,25.4,1.4,10.9,13.0,0.0,0.0,1.8,26.6,5.7,7.9,0.0,7.3,100
335,ROU,Romania,2000,0.1,19.5,2.4,8.4,5.4,0.0,0.0,2.5,31.9,19.4,0.9,0.0,9.5,100
336,RUS,Russian Federation,2000,0.4,22.4,2.0,9.8,6.9,0.0,0.0,2.6,14.1,21.8,4.1,0.0,16.0,100
337,RWA,Rwanda,2000,4.2,3.9,18.8,4.1,8.6,6.1,1.1,7.8,21.4,7.1,3.4,0.5,13.1,100
338,KNA,Saint Kitts and Nevis,2000,0.0,11.9,2.5,1.6,19.5,0.0,0.0,0.0,2.5,36.0,3.8,0.0,22.2,100
339,LCA,Saint Lucia,2000,2.3,14.1,2.4,5.7,10.4,0.0,0.0,0.9,3.9,30.0,10.2,0.0,20.2,100
340,VCT,Saint Vincent and the Grenadines,2000,3.2,16.0,3.6,7.1,11.0,0.0,0.0,1.1,3.3,35.2,3.4,0.0,16.2,100
341,WSM,Samoa,2000,0.0,20.8,4.8,5.2,8.6,0.0,1.0,1.9,13.9,24.5,5.8,0.0,13.6,100
342,SMR,San Marino,2000,0.0,54.5,0.0,0.0,0.0,0.0,0.0,0.0,0.0,0.0,0.0,0.0,45.5,100
343,STP,Sao Tome and Principe,2000,1.8,4.9,11.1,4.5,9.2,20.7,0.2,2.9,16.6,10.5,5.0,0.1,12.5,100
344,SAU,Saudi Arabia,2000,0.1,22.2,2.4,7.8,10.1,0.0,0.1,1.6,10.1,21.4,4.2,0.0,20.0,100
345,SEN,Senegal,2000,0.8,3.6,14.6,4.0,9.1,6.7,7.9,5.5,18.9,11.5,4.7,0.7,12.0,100
346,SRB,Serbia,2000,0.4,26.6,0.9,4.9,16.3,0.0,0.0,1.5,5.5,30.8,4.6,0.0,8.6,100
347,SYC,Seychelles,2000,0.0,26.0,1.3,7.3,9.0,0.0,0.0,1.7,8.6,25.4,4.9,0.0,15.8,100
348,SLE,Sierra Leone,2000,0.5,3.0,14.8,2.3,6.5,20.5,13.7,3.6,14.9,8.0,2.8,1.0,8.5,100
349,SGP,Singapore,2000,0.0,33.7,0.0,6.0,3.8,0.0,0.0,3.9,8.4,21.2,1.9,0.0,21.0,100
350,SVK,Slovakia,2000,0.0,27.2,1.7,6.5,4.3,0.0,0.0,1.9,13.3,27.4,1.2,0.0,16.6,100
351,SVN,Slovenia,2000,0.0,39.0,0.0,7.0,7.8,0.0,0.0,0.0,0.0,31.2,4.7,0.0,10.4,100
352,SLB,Solomon Islands,2000,0.0,10.0,8.7,6.4,11.7,6.7,0.0,3.7,18.2,14.5,5.6,0.2,14.5,100
353,SOM,Somalia,2000,0.3,3.3,17.5,3.8,9.2,1.7,15.0,4.9,20.6,8.8,2.6,2.1,10.3,100
354,ZAF,South Africa,2000,36.4,4.2,9.3,4.0,5.8,0.1,0.4,1.2,12.9,9.8,3.0,0.0,12.8,100
355,SSD,South Sudan,2000,1.6,3.4,15.8,3.4,10.7,11.8,2.4,5.2,19.3,9.1,3.2,4.7,9.3,100
356,ESP,Spain,2000,0.1,35.5,0.2,6.6,7.1,0.0,0.0,3.6,2.3,20.7,4.4,0.0,19.5,100
357,LKA,Sri Lanka,2000,0.1,22.7,4.4,8.9,7.8,0.3,0.0,1.4,11.3,20.8,3.6,0.4,18.2,100
358,SDN,Sudan,2000,0.1,3.9,14.7,5.1,11.0,1.9,4.0,5.5,21.6,13.2,5.3,1.0,12.6,100
359,SUR,Suriname,2000,1.3,12.2,6.9,8.6,7.8,1.6,0.0,2.2,8.4,20.7,14.5,0.0,15.7,100
360,SWE,Sweden,2000,0.0,45.0,0.0,4.0,9.2,0.0,0.0,1.2,1.8,16.7,5.1,0.0,17.0,100
361,CHE,Switzerland,2000,0.0,30.7,0.4,8.2,8.0,0.0,0.0,2.2,1.5,25.8,2.6,0.0,20.6,100
362,SYR,Syrian Arab Republic,2000,0.3,20.2,9.8,3.4,11.3,0.0,0.1,1.3,14.8,22.3,4.4,0.6,11.4,100
363,TJK,Tajikistan,2000,0.0,5.6,15.2,6.2,10.2,0.0,0.0,5.4,22.7,13.8,3.1,0.5,17.3,100
364,THA,Thailand,2000,10.1,18.9,4.3,4.5,8.0,0.7,0.2,1.2,12.1,22.8,5.3,0.4,11.3,100
365,MKD,The former Yugoslav Republic of Macedonia,2000,0.0,16.7,8.7,2.9,11.0,0.0,0.0,0.9,8.1,35.6,2.3,0.0,13.8,100
366,TLS,Timor-Leste,2000,0.0,4.0,17.4,6.1,11.8,1.5,0.0,3.9,24.9,10.4,5.2,1.4,13.4,100
367,TGO,Togo,2000,5.0,2.9,8.7,2.7,9.2,23.0,10.0,2.7,12.5,10.5,4.3,0.7,7.8,100
368,TON,Tonga,2000,0.0,23.2,5.4,8.8,6.1,0.0,0.0,2.4,14.1,20.4,4.0,0.0,15.7,100
369,TTO,Trinidad and Tobago,2000,3.1,12.6,1.0,2.5,26.3,0.0,0.0,1.2,3.2,37.3,2.8,0.0,9.8,100
370,TUN,Tunisia,2000,0.0,17.9,5.4,5.1,11.2,0.0,0.0,1.5,15.7,23.5,3.4,1.3,15.0,100
371,TUR,Turkey,2000,0.0,30.6,1.9,3.8,5.5,0.0,0.0,0.6,6.8,22.6,3.5,0.0,24.8,100
372,TKM,Turkmenistan,2000,0.1,7.6,13.8,5.9,11.0,0.0,0.0,3.7,20.9,16.2,3.2,0.4,17.1,100
373,TUV,Tuvalu,2000,0.0,13.2,5.1,5.8,12.2,0.0,0.0,1.4,17.6,28.8,5.8,0.0,10.2,100
374,UGA,Uganda,2000,6.3,2.9,11.4,3.1,7.2,24.4,6.9,3.4,14.9,7.2,2.9,0.4,9.1,100
375,UKR,Ukraine,2000,4.6,22.2,2.2,6.8,7.7,0.0,0.2,2.1,14.8,24.9,3.6,0.0,10.8,100
376,ARE,United Arab Emirates,2000,0.3,27.2,0.7,8.0,8.7,0.0,0.0,1.6,5.4,22.7,2.4,0.0,22.9,100
377,GBR,United Kingdom,2000,0.1,23.7,1.3,5.0,6.2,0.0,0.0,3.0,4.1,34.9,2.7,0.0,19.0,100
378,TZA,United Republic of Tanzania,2000,9.3,3.4,13.3,3.9,9.7,12.3,2.0,3.8,18.1,8.5,4.1,0.5,11.2,100
379,USA,United States,2000,0.1,25.3,1.9,11.3,4.8,0.0,0.0,0.9,3.1,27.6,2.7,0.0,22.2,100
380,URY,Uruguay,2000,0.4,26.0,3.2,7.5,7.2,0.0,0.0,1.3,9.0,21.4,6.3,0.0,17.5,100
381,UZB,Uzbekistan,2000,0.2,9.1,11.1,5.4,12.5,0.0,0.0,3.8,18.7,18.9,4.0,0.5,15.8,100
382,VUT,Vanuatu,2000,0.0,14.9,16.8,4.5,8.7,7.6,0.0,1.7,17.8,17.8,2.8,0.6,6.9,100
383,VEN,Venezuela (Bolivarian Republic of),2000,0.2,15.0,11.6,7.2,8.2,0.0,0.0,2.1,8.6,23.1,8.8,0.0,15.1,100
384,VNM,Viet Nam,2000,0.4,16.0,12.4,3.5,7.7,0.2,6.7,1.6,17.9,20.4,3.9,0.4,8.8,100
385,YEM,Yemen,2000,0.0,3.9,14.6,5.5,10.1,0.6,5.6,3.1,22.0,14.5,6.1,1.5,12.5,100
386,ZMB,Zambia,2000,14.1,3.2,14.2,3.3,8.3,9.4,4.9,3.3,17.0,7.5,3.5,0.4,10.7,100
387,ZWE,Zimbabwe,2000,39.3,3.7,7.2,2.6,9.0,2.5,0.3,1.9,11.2,10.5,3.5,0.3,8.0,100
